0 0.2226933625891388 0.6400274348422497 0.0010641799232035108 0.018065843621399177
0 0.28707076247942953 0.525150891632373 0.03108612177729018 0.9497050754458163
0 0.3222709818979704 0.5189780521262003 0.033828853538123975 0.9465020576131687
0 0.36249588590235876 0.5274348422496571 0.033828853538123975 0.9451303155006858
0 0.4031815688425672 0.52400548696845 0.03473944048272079 0.9519890260631001
0 0.4434064728469556 0.5246913580246914 0.03839824465167307 0.9487860082304527
0 0.48591881513987933 0.5222908093278463 0.039314317059791555 0.9348422496570644
0 0.5211190345584202 0.5308641975308642 0.029253976961053207 0.9382716049382716
0 0.5613439385628086 0.5274348422496571 0.04022490400438837 0.9451303155006858
0 0.6002029621503018 0.525150891632373 0.039314317059791555 0.9314128943758574
0 0.6413439385628086 0.52400548696845 0.03748217224355458 0.9382716049382716
0 0.6783708173340648 0.529718792866941 0.03291278113000549 0.9405555555555555
0 0.7190510148107515 0.5264060356652949 0.03748217224355458 0.9202126200274349
1 0.24547449259462426 0.5132578875171468 0.030170049369171694 0.953360768175583