1 0.33042647058823527 0.587890625 0.043198529411764705 0.82421875
0 0.37224264705882354 0.59033203125 0.04963235294117647 0.8193359375
0 0.41911764705882354 0.589111328125 0.03676470588235294 0.82177734375
0 0.4577205882352941 0.5830078125 0.03676470588235294 0.833984375
0 0.49724264705882354 0.58544921875 0.042279411764705885 0.8291015625
0 0.5395220588235294 0.587890625 0.03125 0.82421875
0 0.5758308823529412 0.589111328125 0.02849264705882353 0.82177734375
0 0.6227058823529412 0.59033203125 0.03952205882352941 0.8193359375
0 0.6659044117647058 0.5927734375 0.03400735294117647 0.814453125
0 0.7058823529411765 0.591552734375 0.04044117647058824 0.81689453125
0 0.7481617647058824 0.593994140625 0.03676470588235294 0.81201171875
0 0.7931985294117647 0.59033203125 0.042279411764705885 0.8193359375